174834139
174835895
174837655
174839497
174841437
174843460
174845449
174847423
174849510
174851445
174853488
174855388
174857405
174859427
174861262
174863208
174865172
174867024
174868681
174870285
174872296
174874137
174875930
174877780
174879583
174881194
174882637
174884133
174885425
174886917
174846417
174848491
174850536
174852429
174854424
174856482
174858438
174860374
174862293
174864152
174865980
174867889
174869364
174871356
174873192
174875022
174876894
174878753
174880373
174881910
174883403
174884838
174855046
174860918
174859032
174864762
174866535
174868303
174869956
174871852
174872527
174875410
174877440
174885220
174850703
174854651
174856498
174858700
174860491
174862302
174864464
174866228
174868126
174869710
174871615
174873425
174875307
174877121
174878972
174882097
174883569
174884999
174886446
174887194
174889396
174890500
174891751
174859264
174858401
174861178
174866766
174866165
174869912
174871525
174871815
174885204
174886427
174886829
174887562
174888011
174889355
174892171
174848855
174850865
174854710
174856742
174858712
174860635
174862631
174864495
174866336
174869711
174871245
174873464
174875008
174877220
174879072
174850433
174852347
174854355
174856372
174858397
174860287
174862170
174864101
174865893
174867814
174869336
174871196
174873115
174874973
174876818
174878651
174880338
174881837
174883310
174868997
174876566
174881316
174882757
174887185
174888516
174875020
174888977
174883352
174889186
