174723873
174725551
174727302
174728932
174730517
174732131
174733841
174735572
174737232
174738824
174740645
174742217
174743537
174745066
174746611
174748233
174749930
174751743
174753390
174755156
174756812
174758616
174760352
174762157
174763903
174765771
174767345
174769048
174770809
174772259
174773967
174775641
174777399
174779148
174780846
174782838
174784666
174786442
174788202
174789886
174791544
174792996
174794703
174796447
174797945
174799352
174800831
174802599
174804372
174806254
174808059
174810064
174812034
174814039
174815997
174818000
174819813
174821871
174823943
174825898
174827888
174829977
174832078
174723025
174724716
174726313
174728140
174729714
174731331
174732927
174734633
174736378
174738056
174739755
174741556
174742887
174744206
174745816
174747436
174749063
174750819
174752426
174754252
174756013
174757747
174759516
174761133
174763014
174764818
174766487
174768216
174769913
174771530
174773085
174776461
174778231
174779924
174781682
174783750
174785623
174787235
174788997
174790718
174800052
174801769
174803504
174805265
174807093
174809040
174811030
174813074
174815027
174817007
174818756
174820751
174822822
174824912
174826852
174828987
174831096
174833157
174723528
174725187
174726878
174728589
174730165
174731793
174733405
174735175
174736833
174743108
174740270
174742012
174743177
174744686
174746290
174747884
174749555
174751274
174752998
174754771
174756522
174759892
174758235
174763504
174765258
174766986
174768703
174770425
174773579
174775282
174776999
174778741
174780438
174782288
174784251
174786122
174723487
174724941
174726642
174728390
174730127
174731720
174733396
174734966
174736657
174738290
174740281
174741721
174743302
174744491
174746266
174747827
174749266
174751077
174752702
174754565
174756303
174756491
174759685
174761464
174761943
174763395
174766692
174768710
174770214
174771689
174773293
174775007
174776818
174778550
174780249
174782130
174784233
174789240
174790948
174792320
174793642
174797351
174799048
174800295
174800576
174803736
174805593
174807398
174809112
174811276
174813365
174815274
174817261
174819111
174821088
174822803
174825173
174827267
174829271
174831108
174833488
174761937
174761935
174789468
174792479
174793550
174794333
174794591
174795246
174821355
174826447
174723279
174724923
174726629
174728182
174730103
174731585
174733270
174734896
174736668
174738246
174740118
174741509
174746029
174747649
174749477
174751153
174752797
174754022
174755759
174761416
174763407
174765141
174766780
174768582
174770180
174773382
174775182
174776750
174778497
174780279
174781955
174783768
174785872
174805609
174809303
174811355
174813394
174815044
174816754
174819174
174823267
174825217
174827274
174828976
174830642
174722931
174724598
174726280
174728015
174729617
174731222
174734575
174736320
174737971
174742856
174745732
174752368
174754182
174755964
174757671
174759413
174761081
174762946
174764700
174766383
174768107
174769840
174771501
174776378
174778180
174779856
174781651
174783636
174730795
174760481
174762500
174775958
174779376
174811572
174790628
174792228
174798576
174800027
174801629
174803423
174805195
174807036
174807036
174810913
174812932
174814942
174816907
174818689
174820700
174822742
174824777
174826774
174828841
174830896
174805249
174807072
174809021
174805536
174807363
174809304
