174834139
174835895
174837655
174839497
174841437
174843460
174845449
174835028
174836670
174838598
174840554
174842433
174844516
174819052
174823210
174824111
174827298
174829218
174831965
174833536
174835227
174836991
174838818
174840854
174842723
174844757
174825441
174838810
174840933
174842903
174844908
174835238
174836945
174838803
174840761
174842740
174844805
174840397
174842635
174842963
174844684
174845287
174840788
174838596
174840788
174842657
174844704
174836612
174838464
174840395
174842352
174844383
174837651
174839704
174841817
174843304
174834922
174838494
174844731
174844450
