174597344
174598916
174600445
174602025
174603670
174605213
174606785
174608315
174609930
174611326
174612600
174614037
174597456
174599003
174600534
174602119
174603786
174605317
174606878
174608448
174609968
174611413
174612668
174614143
174596660
174598254
174599757
174601300
174602936
174604552
174606117
174607643
174609189
174610635
174612212
174613342
174582323
174587820
174589334
174590911
174592435
174594021
174611060
174612755
174596814
174598468
174599958
174601521
174603128
174606300
174607646
174609210
174609451
174613636
174598141
174598141
174601256
174602846
174604439
174605984
174607548
174609128
174612082
174613291
174480410
174397008
