174834139
174835895
174837655
174839497
174841437
174843460
174845449
174847423
174849510
174851445
174853488
174855388
174857405
174859427
174861262
174863208
174865172
174867024
174868681
174870285
174872296
174874137
174875930
174877780
174879583
174881194
174882637
174884133
174885425
174886917
174893484
174894852
174896403
174898028
174899637
174901168
174902702
174904362
174906038
174846417
174848491
174850536
174852429
174854424
174856482
174858438
174860374
174862293
174864152
174865980
174867889
174869364
174871356
174873192
174875022
174876894
174878753
174880373
174881910
174883403
174884838
174895570
174897253
174898787
174900390
174901899
174903461
174905189
174855046
174860918
174859032
174864762
174866535
174868303
174869956
174871852
174872527
174875410
174877440
174885220
174897473
174899022
174900829
174905679
174850703
174854651
174856498
174858700
174860491
174862302
174864464
174866228
174868126
174869710
174871615
174873425
174875307
174877121
174878972
174882097
174883569
174884999
174886446
174887194
174889396
174890500
174891751
174893046
174894191
174897389
174899032
174900633
174902396
174902122
174904510
174906185
174859264
174858401
174861178
174866766
174866165
174869912
174871525
174871815
174885204
174886427
174886829
174887562
174888011
174889355
174892171
174901094
174901864
174902332
174848855
174850865
174854710
174856742
174858712
174860635
174862631
174864495
174866336
174869711
174871245
174873464
174875008
174877220
174879072
174900369
174902194
174903730
174905501
174850433
174852347
174854355
174856372
174858397
174860287
174862170
174864101
174865893
174867814
174869336
174871196
174873115
174874973
174876818
174878651
174880338
174881837
174883310
174868997
174876566
174881316
174882757
174887185
174888516
174899926
174903051
174902131
174906039
174875020
174883352
174889186
174888286
174888296
174888297
174890926
174892170
174860116
174879872
174881203
174882531
174884045
174885291
174886867
174888373
174889630
174890682
174892216
174893234
174895135
174896718
174898257
174899010
174901209
174902207
174904561
174905988
174901785
174902764
174905985
